309
51
688
215
617
473
156
489
750
717
122
873
950
471
940
702
745
144
323
411
438
276
273
768
502
457
728
452
435
67
610
599
824
36
485
483
899
76
523
405
773
818
701
260
956
415
927
13
968
990
897
872
526
285
252
210
118
284
394
42
476
702
893
316
151
866
13
430
688
65
263
553
227
114
279
635
101
509
211
910
813
151
967
76
198
775
254
82
287
436
142
193
843
424
49
15
302
309
49
962
748
124
753
259
101
254
436
965
676
825
386
342
202
817
655
688
716
175
251
616
543
415
300
907
758
358
756
344
804
445
139
408
275
676
246
444
996
809
832
493
37
574
217
782
554
97
295
226
948
144
198
439
720
885
590
130
177
489
43
977
183
423
86
756
578
445
629
722
245
911
452
203
847
718
54
934
52
152
228
940
619
606
733
88
169
969
64
868
712
249
52
631
192
717
967
545
584
257
917
933
232
462
252
569
550
618
76
303
494
342
177
275
374
208
906
599
410
478
759
179
791
354
210
99
260
546
100
892
561
3
650
830
330
804
301
187
947
502
604
128
662
712
581
147
39
66
145
408
509
201
878
560
214
655
65
992
36
739
33
779
499
963
375
245
470
385
898
262
501
564
792
240
587
4
290
436
394
51
841
493
619
621
734
504
542
322
787
596
262
828
286
48
357
391
426
97
309
930
713
929
811
726
659
282
370
356
751
621
274
759
150
517
57
854
912
119
671
611
200
250
130
463
381
404
586
957
521
165
928
726
549
673
503
481
254
781
864
481
384
639
387
457
906
385
371
788
533
728
232
178
108
978
552
835
826
116
87
578
146
467
36
509
581
985
494
223
546
857
744
976
210
712
615
860
520
531
591
219
672
702
445
758
432
46
779
593
271
772
490
933
16
799
531
530
888
441
598
848
543
610
77
631
656
523
1
646
314
87
32
350
225
370
436
467
686
612
494
132
984
590
494
898
147
282
437
653
768
713
711
381
832
236
955
628
551
266
478
140
994
889
47
328
511
525
74
374
109
782
974
260
341
379
400
547
93
551
372
921
849
846
898
109
22
93
801
208
812
339
895
341
562
175
774
586
731
236
594
778
564
675
735
619
988
229
538
966
879
677
772
517
655
569
289
109
866
483
107
491
234
897
708
258
367
704
999
664
870
11
143
55
14
409
182
146
829
115
219
342
314
708
685
759
314
796
648
970
545
545
795
887
148
820
503
862
796
328
964
423
477
349
368
949
790
246
996
561
528
301
167
858
599
994
95
42
140
146
538
540
881
820
382
109
195
990
245
842
813
908
505
210
242
32
835
880
433
275
867
516
152
942
669
993
589
198
541
985
869
825
622
415
482
933
952
753
574
899
921
898
630
790
821
516
476
373
383
212
394
716
471
963
153
541
405
490
212
886
978
862
124
443
351
170
500
153
512
527
543
885
167
393
382
66
735
925
435
902
371
219
576
810
774
949
546
221
737
444
787
734
995
649
256
398
26
632
318
688
984
595
237
359
694
302
367
245
763
754
193
50
341
536
375
587
635
87
283
922
293
556
508
763
997
283
946
330
227
581
287
650
717
398
680
165
284
797
505
685
605
482
609
176
110
876
633
414
360
650
974
311
267
193
629
746
779
252
244
942
523
506
685
409
21
522
187
240
524
97
390
657
245
955
704
83
607
717
823
198
885
844
687
921
387
220
232
391
850
7
184
251
362
101
546
340
237
114
363
584
822
774
88
47
904
225
542
937
300
284
128
680
964
398
78
211
863
791
239
670
41
382
936
556
48
149
627
117
805
741
153
445
18
288
898
478
161
822
76
960
967
203
363
88
135
804
535
235
524
178
351
304
717
50
902
565
297
186
943
654
839
911
947
718
224
591
594
874
612
327
781
141
503
28
658
731
869
776
232
472
73
197
415
713
859
653
12
667
10
86
865
838
308
185
856
16
239
818
33
538
586
193
640
772
679
305
525
589
249
473
707
170
586
466
226
645
207
183
857
711
144
125
508
903
836
293
512
883
648
571
380
273
434
232
254
137
789
713
646
555
506
381
938
978
496
825
44
333
200
68
629
548
223
772
30
250
33
274
996
457
632
878
91
255
657
251
549
592
946
734
728
499
825
781
995
859
655
54
816
211
953
626
460
181
160
535
487
946
60
569
684
149
887
10
316
993
406
44
815
39
778
287
442
349
90
171
135
883
664
235
424
941
308
483
63
140
678
835
508
675
593
398
712
649
280
554
297
275
99
320
120
630
151
943
249
544
577
897
625
435
730
156
851
383